Year,month,Event
2009,1,2
2009,2,2
2009,4,1
2009,5,2
2009,6,1
2009,7,2
2009,9,1
2009,10,2
2009,11,2
2009,12,3
2010,1,2
2010,2,2
2010,4,1
2010,5,2
2010,6,1
2010,7,2
2010,9,1
2010,10,2
2010,11,2
2010,12,5
2011,1,2
2011,2,2
2011,4,1
2011,5,2
2011,6,1
2011,7,1
2011,9,1
2011,10,2
2011,11,2
2011,12,4
2012,1,3
2012,2,2
2012,4,1
2012,5,2
2012,6,1
2012,7,1
2012,9,1
2012,10,2
2012,11,3
2012,12,3
2013,1,2
2013,2,2
2013,3,1
2013,5,2
2013,6,1
2013,7,1
2013,9,1
2013,10,2
2013,11,2
2013,12,3
2014,1,2
2014,2,2
2014,4,2
2014,5,2
2014,6,1
2014,7,1
2014,9,1
2014,10,2
2014,11,2
2014,12,3
2015,1,2
2015,2,2
2015,4,2
2015,5,2
2015,6,1
2015,7,2
2015,9,1
2015,10,2
2015,11,2
2015,12,4
2016,1,2
2016,2,2
2016,3,1
2016,4,1
2016,5,2
2016,6,1
2016,7,1
2016,9,1
2016,10,2
2016,11,3
2016,12,4
