,year,month,temp_high,temp_avg,temp_low,dew_high,dew_avg,dew_low,humidity_high,humidity_avg,humidity_low,pressure_high,pressure_avg,pressure_low,visibility_high,visibility_avg,visibility_low,wind_low,wind_avg,wind_high,precipitation,nominal_GDP,real_GDP,CPI,unemployment_rate,interest_creditcard,perdonalloan_finacerate,earnings,cotton_mothly_price,change,avg_upland_planted,avg_upland_harvested,yield_per_harvested_acre,prodiction,mill_use,exports,no_of_holidays,MenClothing,OtherClothing,WomenClothing,Tot.sales
0,2009,4,17.1,12.733333333333333,7.833333333333332,6.2333333333333325,2.533333333333333,-1.2,75.46666666666667,55.7,35.73333333333333,1018.8333333333335,1014.5333333333333,1010.4333333333333,15.9,14.066666666666665,10.866666666666667,27.3,11.366666666666667,39.56666666666667,3.970766666666667,14326.8155253522,14351.6017305356,235.582,9.0,12.97,11.05,22.13,56.78,10.25,9.296,7.559,787,12.4,3.62,12.225,1.0,669.0,914.0,2662.0,4245.0
1,2009,8,27.967741935483872,24.387096774193548,20.548387096774192,20.451612903225808,18.483870967741932,16.129032258064516,88.87096774193549,72.48387096774194,55.67741935483871,1018.2258064516127,1015.967741935484,1013.3870967741935,16.0,14.483870967741936,9.903225806451612,19.29032258064516,6.806451612903227,28.064516129032263,3.4659032258064513,14424.2849012372,14435.812508554,238.282,9.6,13.71,10.89,22.16,64.26,-0.83,8.905,7.619,809,12.84,3.47,9.7,0.0,551.0,865.0,2371.0,3787.0
2,2009,12,5.451612903225807,2.3548387096774195,-1.032258064516129,-0.935483870967742,-4.67741935483871,-8.709677419354838,77.61290322580646,61.74193548387096,45.25806451612904,1022.483870967742,1017.2258064516127,1012.1935483870967,16.0,13.774193548387096,10.677419354838712,28.580645161290327,13.451612903225806,42.83870967741935,5.9565161290322575,14512.4953011728,14471.040843924,238.427,9.9,13.6,11.2,22.38,76.78,6.97,8.989,7.586,774,12.225,3.37,10.425,3.0,930.0,1351.0,3390.0,5671.0
3,2009,2,6.9642857142857135,2.7857142857142856,-1.6428571428571428,-2.4642857142857144,-6.392857142857142,-10.571428571428571,69.53571428571429,54.0,38.107142857142854,1021.7142857142856,1017.0714285714287,1012.4642857142856,16.0,15.178571428571427,13.285714285714285,27.92857142857143,12.214285714285715,41.642857142857146,0.7804285714285715,14389.2004660291,14366.1765714005,234.663,8.3,12.97,11.05,22.22,55.21,-4.32,9.296,7.559,799,12.589,3.87,11.1,2.0,496.0,859.0,1729.0,3084.0
4,2009,1,0.7419354838709677,-2.096774193548387,-5.32258064516129,-6.096774193548387,-9.903225806451612,-14.0,71.7741935483871,57.354838709677416,42.32258064516129,1021.2903225806452,1015.967741935484,1010.516129032258,16.0,14.0,11.451612903225806,27.0,12.0,39.32258064516129,2.4420645161290326,14421.7528954451,14407.053343022,233.402,7.8,12.03,11.44,22.05,57.7,4.02,9.296,7.559,799,12.589,4.17,11.55,2.0,524.0,936.0,1755.0,3215.0
5,2009,7,26.838709677419356,22.741935483870968,18.225806451612907,18.83870967741936,16.451612903225804,13.612903225806454,88.61290322580645,70.80645161290323,52.483870967741936,1015.9032258064516,1013.5806451612905,1011.1935483870967,16.0,12.93548387096774,8.451612903225808,21.612903225806452,7.903225806451613,31.935483870967737,5.825806451612903,14317.3729221509,14345.6760973542,237.6,9.5,13.32,11.25,22.0,64.8,5.55,8.905,7.753,796,12.863,3.47,9.7,2.0,575.0,901.0,2164.0,3640.0
6,2009,6,23.392857142857146,19.678571428571427,15.678571428571427,17.035714285714285,15.25,12.964285714285715,95.42857142857143,79.17857142857143,62.42857142857143,1013.75,1011.6071428571428,1009.1785714285713,15.892857142857142,11.571428571428573,5.5,21.642857142857146,7.357142857142858,30.535714285714285,9.107285714285714,14348.5306658082,14346.8201055735,237.172,9.5,13.32,11.25,21.96,61.39,-0.9,8.668,7.76,796,12.876,3.47,10.3,1.0,607.0,932.0,2220.0,3759.0
7,2009,3,9.838709677419354,5.96774193548387,1.7741935483870968,0.25806451612903225,-2.9032258064516134,-6.741935483870968,74.09677419354837,57.064516129032256,39.548387096774185,1025.0967741935485,1021.0645161290324,1017.032258064516,16.0,14.258064516129034,10.677419354838712,27.0,11.387096774193546,38.61290322580645,1.4339032258064517,14340.7016385792,14351.7868217385,235.067,8.7,12.97,11.05,22.22,51.5,-6.72,9.296,7.559,799,12.589,3.72,11.65,0.0,542.0,921.0,2256.0,3719.0
8,2009,5,20.931034482758623,16.655172413793107,12.20689655172414,12.689655172413795,9.827586206896553,6.206896551724138,85.82758620689657,68.82758620689657,51.41379310344828,1020.448275862069,1017.2413793103447,1014.1724137931036,15.89655172413793,12.275862068965518,8.965517241379311,22.379310344827584,8.0,32.62068965517241,4.527655172413793,14345.9048088631,14368.1239591978,235.975,9.4,13.32,11.25,22.04,61.95,9.11,9.297,7.4,803,12.384,3.52,12.3,2.0,650.0,989.0,2732.0,4371.0
9,2009,11,13.733333333333333,10.8,7.566666666666666,7.0,4.166666666666667,1.4333333333333331,80.46666666666667,66.6,52.23333333333333,1022.2666666666668,1019.0333333333333,1015.6333333333333,16.0,14.666666666666664,11.833333333333336,25.86666666666667,11.133333333333333,36.73333333333333,1.363433333333333,14590.4322515432,14559.4101732519,238.777,9.9,13.6,11.2,22.44,71.78,7.42,8.989,7.586,767,12.129,3.37,9.95,2.0,620.0,955.0,2521.0,4096.0
10,2009,10,16.258064516129032,12.870967741935484,9.35483870967742,9.838709677419354,7.03225806451613,3.9032258064516134,85.90322580645163,69.35483870967742,52.41935483870968,1020.3548387096774,1016.7741935483873,1013.0645161290324,16.0,14.06451612903226,11.129032258064516,23.516129032258068,9.677419354838712,34.41935483870968,4.572290322580645,14596.6054472681,14595.3930938759,238.38,10.0,13.71,10.89,22.27,66.82,4.29,8.989,7.586,799,12.631,3.37,10.0,2.0,610.0,914.0,2579.0,4103.0
11,2009,9,22.766666666666666,19.233333333333334,15.333333333333336,15.066666666666665,12.766666666666667,10.133333333333333,86.4,69.7,52.36666666666667,1021.7333333333332,1018.7,1015.1,16.0,15.033333333333333,13.433333333333335,23.0,9.266666666666667,32.4,1.9133666666666669,14410.7771765398,14425.9727515716,238.568,9.8,13.71,10.89,22.2,64.07,-0.3,8.989,7.582,827,13.071,3.47,10.0,1.0,579.0,819.0,2421.0,3819.0
12,2010,4,19.566666666666666,14.466666666666667,9.133333333333333,6.2666666666666675,3.1333333333333333,-1.3333333333333333,73.53333333333333,52.8,31.566666666666666,1016.6,1013.1666666666665,1010.1,16.0,14.466666666666667,11.633333333333333,23.766666666666666,10.2,35.56666666666667,2.5314,14844.5311931878,14724.2001528266,240.529,9.9,14.26,10.83,22.53,88.09,2.68,9.008,7.552,747,11.751,3.47,11.365,1.0,630.0,1143.506329113924,3409.8125,630.0
13,2010,8,29.7,25.43333333333333,21.0,19.4,16.733333333333334,13.566666666666665,80.66666666666667,63.23333333333333,45.43333333333333,1017.3333333333335,1014.9666666666667,1013.0333333333333,16.0,14.966666666666667,12.3,20.83333333333333,8.133333333333333,30.13333333333333,3.5053666666666667,15036.2776269679,14824.1657696352,241.569,9.5,13.59,10.71,22.55,90.35,7.37,10.7,10.424,831,18.036,3.37,14.525,0.0,678.95,897.0,2807.0,3704.0
14,2010,12,3.0967741935483866,0.6129032258064516,-2.3225806451612905,-4.645161290322581,-6.935483870967742,-9.806451612903226,70.09677419354838,58.32258064516129,46.12903225806453,1015.032258064516,1010.9032258064516,1006.9354838709676,15.741935483870966,14.193548387096774,11.93548387096774,28.193548387096772,13.290322580645164,41.74193548387097,3.474290322580645,15285.9360167865,14975.0402068452,241.874,9.3,13.44,10.94,22.76,168.22,8.2,10.829,10.566,807,17.77,3.52,15.275,5.0,988.0,1398.0,4360.0,6746.0
15,2010,2,3.321428571428572,0.8214285714285714,-1.9642857142857144,-3.571428571428572,-6.071428571428571,-8.321428571428571,75.07142857142857,63.53571428571429,51.39285714285714,1011.7857142857144,1007.9642857142856,1003.7857142857144,15.928571428571427,13.0,9.785714285714286,27.464285714285715,12.928571428571427,39.92857142857143,6.068321428571429,14652.8802715638,14581.3756942286,238.862,9.8,14.26,10.83,22.57,80.04,3.41,9.008,7.552,763,12.011,3.37,11.4,2.0,471.0,869.0,2413.0,3753.0
16,2010,1,3.1666666666666665,0.2333333333333333,-2.966666666666667,-5.2,-7.566666666666666,-10.7,70.6,57.6,44.1,1018.1,1014.5333333333333,1010.7,16.0,14.766666666666667,12.133333333333333,26.566666666666666,11.633333333333333,37.8,1.7191666666666667,14613.9914806524,14551.0248379337,238.97,9.8,13.6,11.2,22.51,77.4,0.81,9.008,7.552,763,12.011,3.37,10.4,2.0,476.0,945.0,2142.0,3563.0
17,2010,7,32.2,27.53333333333333,22.53333333333333,19.433333333333334,17.333333333333332,14.166666666666664,75.63333333333334,57.76666666666666,39.56666666666667,1015.9,1014.1,1012.2,16.0,14.966666666666667,11.433333333333335,21.6,7.6,32.333333333333336,2.2017333333333338,15019.2352626891,14833.7492771408,241.147,9.4,13.84,11.0,22.41,84.15,-8.21,10.7,10.193,836,17.75,3.37,13.8,2.0,544.0,937.0,2749.0,4230.0
18,2010,6,28.5,23.8,19.03333333333333,18.166666666666668,15.533333333333333,12.166666666666664,82.76666666666667,64.06666666666666,44.9,1015.1,1012.0333333333333,1009.0666666666667,16.0,14.233333333333333,10.333333333333334,21.7,8.0,32.03333333333333,1.862733333333333,14945.570371108,14772.3180512573,240.817,9.4,13.84,11.0,22.34,91.68,1.79,10.315,9.642,806,16.2,3.275,13.05,1.0,598.0,984.0,2756.0,4338.0
19,2010,3,12.806451612903226,9.258064516129034,5.193548387096773,2.967741935483871,-0.2903225806451613,-3.5161290322580645,72.35483870967742,58.29032258064516,43.774193548387096,1015.6129032258065,1011.258064516129,1007.3548387096774,15.838709677419354,13.838709677419354,11.0,29.032258064516128,12.806451612903226,41.70967741935485,8.758774193548387,14776.3172477831,14682.0107425024,240.101,9.9,14.26,10.83,22.48,85.79,7.18,9.008,7.552,763,12.011,3.47,11.375,0.0,568.0,941.0,3102.0,4611.0
20,2010,5,23.516129032258068,18.61290322580645,13.419354838709678,13.258064516129034,10.096774193548388,6.387096774193548,83.0,62.74193548387096,42.16129032258065,1018.6129032258065,1015.7741935483873,1012.8709677419356,16.0,14.93548387096774,11.93548387096774,23.935483870967737,8.96774193548387,35.774193548387096,2.4666129032258066,14875.6984356304,14741.3673469787,241.075,9.6,13.84,11.0,22.6,90.07,2.25,9.008,7.391,766,11.788,3.375,11.34,2.0,627.0,991.0,3221.0,4839.0
21,2010,11,12.033333333333333,9.0,5.633333333333334,3.966666666666667,0.7666666666666667,-2.9,74.8,59.53333333333333,43.76666666666666,1023.3333333333335,1018.7,1014.0,16.0,14.833333333333336,12.6,24.1,10.1,36.1,1.8203666666666665,15185.62894712,14896.6748133866,241.96,9.8,13.44,10.94,22.69,155.47,22.85,10.829,10.566,814,17.92,3.42,15.275,2.0,669.0,1035.0,3276.0,4980.0
22,2010,10,18.366666666666667,14.566666666666665,10.6,10.066666666666666,7.033333333333332,3.066666666666667,80.66666666666667,63.53333333333333,45.7,1015.2,1011.7666666666668,1008.4333333333333,16.0,14.166666666666664,10.566666666666666,24.4,10.2,36.6,4.157100000000002,15219.059036066,14945.4270878445,241.981,9.4,13.59,10.71,22.7,126.55,20.83,10.829,10.566,835,18.375,3.57,15.025,2.0,634.0,930.0,3071.0,4635.0
23,2010,9,25.931034482758623,21.86206896551724,17.517241379310345,16.896551724137932,13.655172413793107,10.344827586206897,80.6896551724138,63.27586206896552,45.31034482758621,1018.1724137931036,1014.551724137931,1011.3793103448276,15.862068965517242,13.862068965517242,10.413793103448276,22.03448275862069,8.862068965517242,34.37931034482759,3.1004137931034483,15117.4671103891,14878.5469831135,241.485,9.5,13.59,10.71,22.6,104.73,15.92,10.829,10.566,833,18.343,3.57,15.025,1.0,563.0,839.0,2919.0,4321.0
24,2011,4,16.933333333333334,12.5,7.7,8.633333333333333,4.966666666666667,0.8666666666666667,83.66666666666667,64.46666666666667,44.7,1018.7333333333332,1013.5666666666667,1008.7666666666668,15.933333333333335,13.066666666666665,8.533333333333333,27.6,11.766666666666667,39.766666666666666,4.5294333333333325,15488.0048636643,15050.6611720031,246.489,9.1,13.44,10.98,22.96,216.62,-5.68,10.769,10.505,804,17.597,3.665,15.28,1.0,690.0,985.0,3414.0,5089.0
25,2011,8,28.258064516129032,24.12903225806452,19.741935483870968,19.967741935483872,17.903225806451616,15.225806451612904,90.09677419354837,71.83870967741936,53.12903225806453,1014.7096774193548,1011.3548387096774,1007.7741935483873,15.870967741935484,12.774193548387096,7.612903225806452,21.838709677419356,7.354838709677418,33.29032258064516,15.527129032258065,15649.0381355786,15085.2292553138,250.058,9.0,12.28,10.8,22.85,114.1,-23.55,13.436,9.379,809,15.817,3.77,11.65,0.0,549.0,1001.0,3245.0,4795.0
26,2011,12,9.833333333333334,6.5,2.7,3.966666666666667,-0.5666666666666667,-4.633333333333334,76.6,62.5,47.86666666666667,1025.6666666666667,1020.6333333333333,1014.9666666666667,16.0,14.666666666666664,12.266666666666667,25.2,9.533333333333333,37.53333333333333,3.386033333333333,15740.5445259163,15148.8221953324,248.307,8.5,12.36,10.36,23.22,95.45,-8.82,14.431,9.562,757,15.09,3.575,10.65,4.0,1081.0,1596.0,4775.0,7452.0
27,2011,2,6.428571428571429,2.4285714285714284,-2.0357142857142856,-2.5357142857142856,-6.857142857142858,-12.392857142857142,69.25,52.60714285714285,35.392857142857146,1021.7142857142856,1015.3928571428572,1009.3928571428572,15.892857142857142,13.642857142857142,11.285714285714285,30.32142857142857,12.25,44.60714285714285,3.1478928571428577,15161.5783305761,14801.7341813383,243.832,9.0,13.44,10.98,22.99,213.18,19.14,10.769,10.505,814,17.817,3.565,15.28,2.0,497.0,878.0,2620.0,3995.0
28,2011,1,1.5483870967741935,-1.0967741935483872,-4.032258064516129,-5.225806451612904,-7.806451612903227,-11.612903225806454,75.48387096774194,61.516129032258064,47.064516129032256,1019.3225806451613,1014.6129032258065,1010.0,15.548387096774194,12.387096774193546,8.709677419354838,24.806451612903228,10.387096774193546,35.09677419354839,4.113032258064518,15149.1361633756,14838.1555802799,242.639,9.1,13.44,10.94,23.16,178.93,6.37,10.769,10.505,814,17.817,3.565,15.28,2.0,487.0,968.0,2193.0,3648.0
29,2011,7,31.64516129032258,26.87096774193548,22.064516129032263,20.741935483870968,18.322580645161292,15.35483870967742,84.64516129032258,63.838709677419345,42.58064516129032,1014.7741935483873,1012.8064516129033,1010.5806451612905,15.774193548387096,13.032258064516132,8.870967741935484,20.0,6.870967741935483,29.387096774193548,2.482645161290323,15547.8544517524,15011.7614106743,249.164,9.0,12.89,11.37,22.94,149.25,-7.1,13.436,9.314,785,15.225,3.77,11.325,1.0,587.0,985.0,2896.0,4468.0
30,2011,6,26.56,22.24,17.92,17.28,15.2,12.32,86.52,68.32,49.6,1015.08,1013.04,1011.04,15.88,12.56,8.96,20.28,7.68,30.4,3.27164,15422.3818472482,14927.332731337,248.505,9.1,12.89,11.37,22.81,160.65,-2.94,12.313,9.95,787,16.323,3.77,12.4,1.0,678.95,1143.506329113924,3232.0,3232.0
31,2011,3,9.96774193548387,5.838709677419355,1.4516129032258065,0.1935483870967742,-3.3870967741935485,-7.580645161290323,73.2258064516129,56.096774193548384,38.483870967741936,1024.6451612903227,1019.6129032258065,1014.483870967742,16.0,14.0,11.193548387096774,27.258064516129032,12.290322580645164,41.774193548387096,5.071677419354839,15404.3985060739,15004.1154699802,245.617,9.0,13.44,10.98,22.9,229.67,7.74,10.769,10.505,814,17.817,3.565,15.28,0.0,599.0,1064.0,3266.0,4929.0
32,2011,5,21.69230769230769,17.384615384615387,12.846153846153848,13.307692307692307,10.576923076923077,8.038461538461537,86.38461538461539,71.0,55.115384615384606,1016.6923076923076,1014.3076923076924,1011.8846153846154,15.769230769230768,12.576923076923075,9.807692307692307,21.57692307692308,9.307692307692307,32.230769230769226,4.474615384615385,15472.3912891333,14990.9638155792,248.073,9.0,12.89,11.37,23.06,165.52,-23.59,10.769,10.497,805,17.6,3.76,15.02,2.0,677.0,1027.0,3340.0,5044.0
33,2011,11,14.733333333333333,11.166666666666664,7.3,7.433333333333334,4.366666666666666,1.1333333333333333,79.73333333333333,64.16666666666667,47.96666666666667,1022.7666666666668,1019.1333333333333,1015.2666666666668,16.0,14.566666666666665,11.566666666666665,22.86666666666667,9.1,33.766666666666666,2.5823666666666667,15775.0060676968,15172.6925598969,249.317,8.6,12.36,10.36,23.15,104.68,-5.36,14.431,9.562,781,15.563,3.775,10.625,2.0,707.0,1147.0,3499.0,5353.0
34,2011,10,17.758620689655174,14.20689655172414,10.310344827586208,10.655172413793103,7.793103448275862,4.2413793103448265,85.24137931034483,68.13793103448276,50.41379310344828,1018.8620689655173,1015.0344827586208,1011.6206896551724,16.0,13.89655172413793,10.517241379310343,21.310344827586206,8.862068965517242,33.03448275862069,5.333827586206897,15840.3854064224,15249.7634842258,250.051,8.8,12.28,10.8,23.3,110.61,-5.18,14.431,9.562,797,15.871,3.775,10.825,2.0,682.0,1020.0,3409.8125,1702.0
35,2011,9,24.566666666666666,21.2,17.7,18.766666666666666,16.8,14.533333333333333,91.16666666666669,78.1,64.53333333333333,1019.1333333333333,1016.7666666666668,1014.5,15.6,12.733333333333333,8.133333333333333,19.466666666666665,7.133333333333334,29.2,7.949733333333335,15564.482412702,14966.8228660961,250.559,9.0,12.28,10.8,23.05,116.65,2.23,14.431,9.562,794,15.819,3.775,11.325,1.0,643.0,930.0,3182.0,4755.0
36,2012,4,17.448275862068964,12.620689655172415,7.517241379310344,5.0,0.8620689655172413,-2.5172413793103448,70.3793103448276,51.75862068965517,32.586206896551715,1015.3448275862069,1011.6551724137931,1008.0689655172414,16.0,14.724137931034482,11.965517241379311,24.58620689655172,9.103448275862071,40.586206896551715,3.118413793103448,16091.2281000548,15340.6535798089,252.349,8.2,12.34,10.89,23.61,100.1,0.6,14.428,9.156,772,14.722,3.373,10.75,1.0,711.0,1136.0,3724.0,5571.0
37,2012,8,29.064516129032263,24.935483870967737,20.70967741935484,19.90322580645161,17.677419354838708,14.548387096774194,87.38709677419355,67.41935483870968,46.87096774193547,1017.3225806451613,1015.4193548387095,1013.6451612903226,16.0,14.387096774193546,9.451612903225808,17.645161290322577,5.419354838709676,28.935483870967737,2.3845483870967743,16161.1181717827,15317.4241933126,253.472,8.1,11.95,10.37,23.26,84.4,0.51,12.4,10.577,771,16.988,3.375,11.375,0.0,678.95,1124.0,3059.0,4183.0
38,2012,12,7.870967741935483,5.451612903225807,2.6129032258064515,3.290322580645161,0.0967741935483871,-3.612903225806452,86.19354838709677,71.16129032258064,55.58064516129032,1021.2258064516127,1015.5806451612905,1010.258064516129,15.580645161290322,12.32258064516129,7.580645161290323,26.193548387096772,10.483870967741936,41.354838709677416,3.932967741935484,16411.0260159063,15498.6520671036,253.555,7.9,11.88,10.64,23.85,83.37,3.09,12.121,10.206,781,16.6,3.375,11.075,3.0,1080.0,1475.0,4824.0,7379.0
39,2012,2,8.285714285714286,5.142857142857143,1.6785714285714286,-0.14285714285714285,-3.678571428571429,-7.821428571428571,73.07142857142857,55.82142857142857,38.107142857142854,1021.0714285714287,1016.7142857142856,1012.3928571428572,16.0,14.321428571428573,11.071428571428573,27.285714285714285,10.714285714285714,39.92857142857143,1.2336785714285714,16073.5753898301,15385.8470175993,250.285,8.3,12.34,10.89,23.4,100.75,-0.36,14.426,9.444,754,14.828,3.475,10.35,2.0,545.0,1143.506329113924,2800.0,3345.0
40,2012,1,6.607142857142858,2.9642857142857144,-0.75,0.14285714285714285,-4.714285714285714,-8.571428571428571,72.92857142857143,59.75,46.214285714285715,1021.2857142857144,1016.3571428571428,1011.3214285714287,16.0,14.071428571428573,11.428571428571427,28.107142857142854,12.607142857142858,40.607142857142854,2.75825,15864.5023386066,15226.2046784787,249.322,8.3,12.36,10.36,23.56,101.11,5.93,14.426,9.444,754,14.828,3.575,10.35,3.0,525.0,1039.0,2287.0,3851.0
41,2012,7,30.7,26.066666666666666,21.2,20.0,17.6,14.466666666666667,83.0,63.8,44.03333333333333,1015.9,1013.7666666666668,1011.4333333333333,16.0,14.366666666666667,10.4,19.633333333333333,6.566666666666666,31.6,3.5640333333333336,16239.4201032127,15433.3698674452,252.016,8.2,12.06,10.94,23.48,83.97,2.18,12.4,10.167,773,16.365,3.375,11.4,1.0,613.0,1049.0,2877.0,4539.0
42,2012,6,26.066666666666666,21.86666666666667,17.433333333333334,16.633333333333333,14.2,11.0,84.26666666666667,65.7,46.56666666666667,1016.0666666666667,1013.5666666666667,1011.2666666666668,15.833333333333336,14.266666666666667,9.866666666666667,19.5,7.166666666666668,32.63333333333333,2.5311000000000003,16152.3659365104,15392.2492751784,252.406,8.2,12.06,10.94,23.27,82.18,-7.17,12.885,10.234,764,16.28,3.47,11.1,1.0,703.0,1205.0,3086.0,4994.0
43,2012,3,15.129032258064516,10.677419354838712,6.096774193548387,5.774193548387097,1.2258064516129032,-2.677419354838709,75.61290322580646,59.25806451612904,42.483870967741936,1023.6451612903226,1019.2903225806452,1015.1612903225806,15.806451612903226,14.096774193548386,10.0,24.032258064516128,9.193548387096774,37.548387096774185,0.7780645161290322,15983.5652716362,15261.3405819789,251.887,8.2,12.34,10.89,23.39,99.5,-1.24,14.426,9.444,754,14.828,3.375,10.35,0.0,623.0,1229.0,3566.0,5418.0
44,2012,5,22.20689655172414,18.379310344827584,14.413793103448276,14.862068965517242,12.20689655172414,9.275862068965518,87.79310344827586,72.06896551724137,55.862068965517246,1019.103448275862,1016.1379310344827,1012.9310344827586,15.655172413793107,12.172413793103447,7.896551724137932,18.82758620689655,6.379310344827586,31.724137931034484,3.827655172413794,16121.9589634314,15354.6505826443,252.652,8.2,12.06,10.94,23.32,88.53,-11.56,14.428,9.156,772,14.722,3.373,10.75,2.0,725.0,1155.0,3800.0,5680.0
45,2012,11,9.933333333333334,6.7333333333333325,3.3,1.6,-1.0666666666666669,-3.633333333333333,74.9,60.7,46.03333333333333,1024.1,1021.0333333333333,1018.2,16.0,14.7,12.6,22.36666666666667,9.3,34.666666666666664,1.532333333333333,16272.7062267461,15362.0978554107,254.285,7.7,11.88,10.64,23.58,80.87,-1.32,12.121,10.206,790,16.79,3.375,10.875,3.0,731.0,1252.0,3558.0,5541.0
46,2012,10,17.612903225806452,14.64516129032258,11.32258064516129,11.93548387096774,9.129032258064516,6.03225806451613,86.22580645161291,71.38709677419354,56.096774193548384,1018.032258064516,1014.1935483870967,1010.6451612903226,15.64516129032258,13.451612903225806,9.96774193548387,21.580645161290327,7.903225806451613,34.67741935483871,2.3926774193548384,16208.3147572587,15292.3498602317,254.277,7.8,11.95,10.37,23.52,81.95,-2.61,12.121,10.206,782,16.63,3.375,10.875,2.0,710.0,1158.0,3168.0,5036.0
47,2012,9,24.41379310344828,20.620689655172416,16.655172413793107,16.551724137931036,13.620689655172415,10.827586206896553,86.3793103448276,68.44827586206897,50.06896551724138,1019.3103448275862,1016.6206896551724,1014.0,16.0,14.89655172413793,11.689655172413795,18.55172413793104,6.448275862068965,30.931034482758623,3.844965517241379,16283.2787249827,15391.8773100951,254.554,7.8,11.95,10.37,23.67,84.15,-0.3,12.121,10.206,774,16.452,3.375,11.075,1.0,687.0,1045.0,3409.8125,1732.0
48,2013,4,16.275862068965516,11.689655172413795,7.068965517241379,5.137931034482759,0.9310344827586208,-3.310344827586207,72.41379310344827,53.89655172413793,34.827586206896555,1023.9310344827586,1019.8620689655173,1015.6551724137931,16.0,15.10344827586207,11.93103448275862,25.724137931034484,10.034482758620689,41.75862068965517,1.147344827586207,16521.1339270874,15529.8356959387,255.967,7.6,11.94,10.12,23.92,92.54,-2.02,12.077,9.19,862,16.51,3.38,12.225,0.0,718.0,1188.0,3883.0,5789.0
49,2013,8,27.548387096774192,23.838709677419356,19.83870967741936,18.387096774193548,15.548387096774194,12.870967741935484,82.61290322580646,64.51612903225806,45.838709677419345,1018.8387096774194,1016.483870967742,1014.1935483870967,16.0,13.93548387096774,10.419354838709678,17.967741935483872,6.096774193548387,29.032258064516128,2.3349677419354844,16776.9925650618,15673.4399705102,257.659,7.3,11.88,10.13,23.8,92.71,0.1,10.015,7.519,796,12.473,3.48,13.38,0.0,687.0,1311.0,3539.0,5537.0
50,2013,12,6.96774193548387,3.7096774193548394,0.3548387096774194,0.4838709677419355,-3.0,-6.806451612903227,75.12903225806451,61.903225806451616,48.032258064516135,1023.7096774193548,1019.2258064516127,1014.9032258064516,15.774193548387096,12.93548387096774,9.870967741935484,24.064516129032263,9.419354838709678,37.87096774193548,3.97367741935484,17061.0710766589,15810.4101820915,257.284,6.7,11.85,10.22,24.3,87.49,3.35,10.136,7.582,788,12.443,3.58,9.65,3.0,1085.0,1566.0,4865.0,7516.0
51,2013,2,4.071428571428571,1.1071428571428572,-1.8928571428571428,-2.321428571428572,-5.892857142857142,-10.071428571428571,78.03571428571429,60.89285714285714,43.28571428571429,1020.75,1015.0,1010.4642857142856,16.0,13.107142857142858,8.678571428571429,26.357142857142854,11.392857142857142,42.142857142857146,3.855428571428571,16433.8827194721,15435.6751031323,256.234,7.7,11.94,10.12,23.9,89.71,4.91,12.077,9.19,849,16.25,3.38,11.75,2.0,560.0,1144.0,2872.0,4576.0
52,2013,1,4.870967741935483,1.935483870967742,-1.4516129032258065,-2.096774193548387,-5.419354838709676,-9.193548387096774,76.38709677419354,61.032258064516135,45.354838709677416,1024.7096774193546,1019.8064516129033,1014.8387096774194,15.741935483870966,13.258064516129034,10.161290322580646,24.903225806451612,10.322580645161288,39.19354838709677,2.262,16503.9156844168,15554.4268779799,254.807,8.0,11.88,10.64,23.88,85.51,2.57,12.077,9.19,849,16.25,3.38,11.475,2.0,599.0,1036.0,2320.0,3955.0
53,2013,7,30.12903225806452,26.580645161290327,22.903225806451612,21.354838709677423,19.41935483870968,16.774193548387096,83.70967741935483,67.6774193548387,51.0,1019.0,1016.7741935483873,1014.4193548387095,15.64516129032258,13.129032258064516,9.03225806451613,20.387096774193548,7.0,32.935483870967744,2.3265161290322585,16685.7422459966,15606.008068178,257.326,7.3,11.95,10.34,23.81,92.62,-0.49,10.025,7.579,815,12.872,3.475,10.35,1.0,648.0,1126.0,3320.0,5094.0
54,2013,6,26.83333333333333,22.73333333333333,18.4,17.966666666666665,15.366666666666667,12.333333333333336,84.4,66.93333333333334,49.16666666666666,1015.8666666666667,1012.9666666666667,1009.7333333333332,15.766666666666667,13.0,7.966666666666668,21.3,7.2,36.66666666666666,8.551099999999998,16641.1628402815,15584.747527855,256.911,7.5,11.95,10.34,23.92,93.08,0.5,9.82,7.896,785,12.92,3.475,10.35,1.0,678.0,1261.0,3360.0,5299.0
55,2013,3,7.903225806451613,4.612903225806452,1.032258064516129,-0.935483870967742,-4.096774193548387,-7.483870967741934,75.5806451612903,57.935483870967744,39.774193548387096,1016.483870967742,1013.1612903225806,1010.1290322580644,16.0,14.419354838709678,11.387096774193546,27.387096774193548,11.870967741935484,42.19354838709677,2.351774193548388,16488.5215961697,15485.7382618001,256.589,7.5,11.94,10.12,23.84,94.45,5.28,12.077,9.19,849,16.25,3.38,12.0,1.0,682.0,1346.0,3687.0,5715.0
56,2013,5,21.774193548387093,17.258064516129032,12.419354838709678,12.06451612903226,9.225806451612904,5.774193548387097,82.6774193548387,64.58064516129032,46.0,1020.8709677419356,1018.1290322580644,1015.6774193548387,15.93548387096774,12.870967741935484,9.193548387096774,20.83870967741936,7.870967741935483,33.83870967741935,6.5548709677419374,16461.8732325745,15450.318635209,256.27,7.5,11.95,10.34,23.8,92.62,0.09,12.076,9.135,869,16.535,3.38,12.45,2.0,749.0,1194.0,4170.0,6113.0
57,2013,11,11.266666666666667,7.5,3.6,2.2,-1.9666666666666663,-6.7333333333333325,68.0,53.06666666666667,37.63333333333333,1026.0333333333333,1021.4,1016.0333333333333,15.9,14.766666666666667,11.7,24.53333333333333,10.033333333333333,40.9,2.666733333333333,17053.7381074546,15841.7587619459,257.377,6.9,11.85,10.22,24.11,84.65,-5.26,10.136,7.582,790,12.479,3.58,9.65,2.0,798.0,1209.0,3834.0,5841.0
58,2013,10,19.322580645161292,15.774193548387096,11.967741935483868,10.387096774193546,7.741935483870968,4.870967741935483,75.90322580645163,60.774193548387096,45.064516129032256,1021.258064516129,1018.1935483870967,1014.8064516129033,15.709677419354836,14.774193548387096,12.548387096774194,20.032258064516128,8.096774193548388,32.29032258064516,0.2949354838709677,16884.8548158416,15729.9593664586,257.069,7.2,11.88,10.13,24.04,89.35,-0.82,10.136,7.582,777,12.273,3.48,9.65,2.0,785.0,1143.506329113924,3590.0,4375.0
59,2013,9,24.766666666666666,20.066666666666666,15.2,14.233333333333333,11.5,8.5,78.03333333333333,60.3,42.2,1019.6666666666665,1016.5666666666667,1013.9666666666667,15.866666666666667,14.666666666666664,12.133333333333333,18.766666666666666,6.366666666666666,29.8,2.4973666666666663,16785.3121890169,15644.8322684107,258.504,7.2,11.88,10.13,24.16,90.09,-2.83,10.136,7.582,777,12.273,3.48,9.65,1.0,681.0,1043.0,3720.0,5444.0
60,2014,4,16.166666666666668,11.466666666666667,6.366666666666666,5.066666666666666,0.8,-3.7666666666666666,73.1,54.2,34.833333333333336,1021.7666666666668,1017.2,1012.7666666666668,16.0,14.333333333333336,11.666666666666664,24.93333333333333,10.133333333333333,39.16666666666666,6.646333333333333,17208.8646835022,15870.1780534192,259.985,6.2,11.83,10.09,24.4,94.2,-2.84,10.206,7.465,787,12.234,3.58,9.975,2.0,785.0,1196.0,4223.0,6204.0
61,2014,8,28.032258064516128,23.741935483870968,19.161290322580644,16.967741935483872,14.67741935483871,11.870967741935484,78.35483870967742,60.806451612903224,42.67741935483871,1018.6774193548387,1016.7096774193548,1014.741935483871,16.0,14.93548387096774,11.709677419354836,17.93548387096774,6.0,30.064516129032263,1.8432258064516127,17684.6353487167,16196.4201317793,261.075,6.2,11.82,10.73,24.32,74.0,-11.74,11.191,10.065,808,16.946,3.775,10.15,0.0,692.0,1337.0,4067.0,6096.0
62,2014,12,7.32258064516129,4.870967741935483,2.1935483870967745,1.3870967741935485,-1.6774193548387095,-5.225806451612904,77.2258064516129,64.38709677419354,51.096774193548384,1023.7096774193548,1019.5806451612905,1015.6129032258065,15.67741935483871,13.193548387096774,9.612903225806454,24.193548387096772,10.903225806451614,37.354838709677416,4.949064516129031,17733.0244635913,16221.1801252161,258.08,5.6,11.99,10.47,24.59,68.3,1.14,10.818,9.692,760,15.345,3.775,9.45,3.0,1070.0,1967.0,5664.0,8701.0
63,2014,2,3.037037037037037,0.07407407407407407,-3.333333333333333,-4.481481481481481,-8.25925925925926,-12.222222222222221,74.18518518518519,57.925925925925924,41.185185185185176,1022.1851851851852,1016.7407407407408,1011.5555555555555,15.814814814814815,12.518518518518519,8.74074074074074,25.740740740740737,10.481481481481481,41.7037037037037,5.154888888888888,17028.5863480232,15762.5989199868,259.019,6.7,11.83,10.09,24.58,94.05,3.4,10.206,7.465,807,12.551,3.58,9.75,2.0,636.0,1123.0,3381.0,5140.0
64,2014,1,2.142857142857143,-1.5714285714285714,-5.857142857142858,-5.0,-9.714285714285714,-14.666666666666664,72.42857142857143,57.523809523809526,42.23809523809524,1024.6190476190477,1018.3333333333335,1011.4285714285713,16.0,13.095238095238097,8.476190476190476,24.095238095238088,10.904761904761903,39.047619047619044,2.7095714285714285,16955.6086260419,15705.9726665754,259.596,6.6,11.85,10.22,24.35,90.96,3.97,10.206,7.465,807,12.551,3.58,9.75,2.0,573.0,1172.0,2961.0,4706.0
65,2014,7,28.724137931034484,24.79310344827586,20.55172413793104,19.03448275862069,16.620689655172413,13.758620689655173,80.79310344827586,64.06896551724138,46.862068965517246,1016.8275862068964,1014.1724137931036,1011.6206896551724,15.620689655172415,13.79310344827586,10.034482758620689,24.517241379310345,12.034482758620689,37.24137931034483,4.8966206896551725,17551.7810654546,16089.4991872348,261.498,6.2,11.83,9.57,24.31,83.84,-7.77,11.191,8.594,804,15.955,3.775,9.72,1.0,655.0,1175.0,3733.0,5563.0
66,2014,6,26.9,22.63333333333333,18.03333333333333,16.666666666666668,14.133333333333333,11.0,80.23333333333333,62.96666666666667,45.16666666666666,1018.2,1015.7,1013.2666666666668,15.933333333333335,13.666666666666664,10.5,18.166666666666668,6.466666666666668,29.9,3.6069999999999998,17408.5642886561,15990.9774182691,261.35,6.1,11.83,9.57,24.42,90.9,-1.95,10.943,8.594,811,14.512,3.675,9.22,1.0,702.0,1143.506329113924,3905.0,4607.0
67,2014,3,7.548387096774193,3.3225806451612905,-1.1935483870967742,-3.161290322580645,-7.580645161290323,-11.93548387096774,63.032258064516135,48.32258064516129,33.32258064516129,1020.9354838709676,1015.967741935484,1011.3870967741935,16.0,14.741935483870966,11.774193548387096,26.580645161290327,11.580645161290322,41.80645161290322,3.0071935483870966,17109.7770258219,15804.5190679663,259.971,6.7,11.83,10.09,24.5,96.95,3.08,10.206,7.465,807,12.551,3.58,9.95,0.0,702.0,1293.0,4268.0,6263.0
68,2014,5,22.8,18.1,13.133333333333333,11.766666666666667,8.1,4.7,75.8,58.56666666666667,40.833333333333336,1019.0,1016.0,1013.1666666666665,15.733333333333333,13.3,9.4,22.466666666666665,7.166666666666668,35.43333333333333,3.3530999999999995,17345.3340279535,15946.7413358487,261.225,6.3,11.83,9.57,24.3,92.71,-1.58,10.206,7.345,802,12.275,3.58,9.675,2.0,801.0,1257.0,4421.0,6479.0
69,2014,11,10.966666666666667,7.533333333333332,3.8666666666666663,2.5,-1.8333333333333333,-5.6,70.13333333333334,54.46666666666667,38.5,1021.4,1017.0,1012.5,16.0,14.266666666666667,11.266666666666667,23.1,8.7,38.23333333333333,3.818666666666666,17765.3375697651,16243.0547343862,259.382,5.8,11.99,10.47,24.78,67.53,-3.99,10.818,9.692,783,15.819,3.775,9.45,2.0,803.0,1468.0,4525.0,6796.0
70,2014,10,18.806451612903224,15.451612903225806,11.93548387096774,11.129032258064516,8.225806451612902,4.645161290322581,78.29032258064517,63.032258064516135,47.29032258064516,1016.516129032258,1013.516129032258,1010.6129032258065,16.0,14.451612903225806,9.96774193548387,21.322580645161292,8.193548387096774,36.903225806451616,4.727193548387098,17709.436966528,16196.8144741713,260.5,5.7,11.82,10.73,24.52,70.34,-4.14,10.818,9.692,776,15.677,3.775,9.45,2.0,757.0,1153.0,4434.0,6344.0
71,2014,9,25.266666666666666,21.066666666666666,16.733333333333334,15.766666666666667,13.033333333333333,10.066666666666666,78.66666666666667,62.3,45.46666666666667,1022.3666666666667,1019.2666666666668,1016.1333333333333,16.0,14.966666666666667,12.6,18.933333333333334,6.7333333333333325,30.33333333333333,1.0244000000000002,17630.3545858248,16133.04942679,261.074,5.9,11.82,10.73,24.5,73.38,-0.84,10.818,9.692,790,15.96,3.775,9.45,1.0,678.95,1056.0,4481.0,5537.0
72,2015,4,17.066666666666666,12.533333333333333,7.833333333333332,5.166666666666667,0.8,-3.566666666666667,69.03333333333333,50.86666666666667,32.23333333333333,1019.4333333333333,1015.1333333333333,1011.4666666666667,16.0,14.7,12.333333333333336,26.7,10.433333333333334,42.1,1.761,18015.7481199585,16427.1366713661,259.959,5.4,11.98,9.85,24.94,71.7,3.39,10.845,9.518,794,15.735,3.625,10.25,2.0,701.0,1205.0,3409.8125,1906.0
73,2015,8,30.516129032258068,26.322580645161292,21.677419354838705,17.580645161290324,15.290322580645164,12.709677419354836,70.80645161290323,54.87096774193547,38.32258064516129,1017.0,1015.2258064516127,1013.516129032258,16.0,15.35483870967742,13.096774193548386,18.548387096774192,5.903225806451613,30.451612903225808,1.9254838709677415,18201.3928879753,16505.5376150738,261.347,5.1,12.1,9.8,25.04,71.82,-0.73,8.75,7.749,784,12.65,3.675,9.475,0.0,712.0,1405.0,3897.0,6014.0
74,2015,12,14.190476190476188,11.190476190476188,8.04761904761905,8.857142857142858,5.095238095238095,1.0476190476190477,79.61904761904762,66.80952380952381,53.523809523809526,1023.0,1018.1428571428572,1012.6666666666665,15.523809523809526,12.333333333333336,6.666666666666668,23.0,9.0,35.76190476190476,5.140619047619047,18317.1291245136,16578.0045444115,259.941,5.0,12.22,9.66,25.21,70.39,1.69,8.398,7.995,755,12.58,3.675,9.5,4.0,967.0,1680.0,5874.0,8521.0
75,2015,2,0.0,-4.25,-9.071428571428571,-8.285714285714286,-12.428571428571427,-17.535714285714285,68.35714285714286,53.89285714285714,39.107142857142854,1022.75,1017.6071428571428,1012.8571428571428,15.857142857142858,13.428571428571427,8.892857142857142,26.892857142857146,11.75,42.142857142857146,1.8508214285714288,17931.0461896607,16400.9267370766,259.24,5.5,11.98,9.85,25.05,69.84,3.7,10.845,9.518,781,15.496,3.625,10.2,2.0,602.0,1210.0,3646.0,5458.0
76,2015,1,2.290322580645161,-1.032258064516129,-4.67741935483871,-5.548387096774193,-9.612903225806454,-14.741935483870966,68.96774193548387,53.645161290322584,37.83870967741935,1025.032258064516,1019.3870967741935,1013.7741935483873,16.0,13.032258064516132,9.35483870967742,27.193548387096772,11.67741935483871,43.516129032258064,4.28483870967742,17792.1169532126,16319.7863140255,258.376,5.7,11.99,10.47,24.88,67.35,-1.39,10.845,9.518,760,15.496,3.775,9.45,2.0,560.0,1190.0,3041.0,4791.0
77,2015,7,29.967741935483872,26.12903225806452,22.12903225806452,19.096774193548384,16.548387096774196,13.612903225806454,74.35483870967742,59.096774193548384,43.25806451612904,1014.9032258064516,1012.741935483871,1010.7741935483873,16.0,14.161290322580646,9.451612903225808,18.0,5.483870967741934,30.032258064516128,3.261419354838709,18163.8579919721,16475.9998544967,261.199,5.2,12.04,9.69,24.83,72.35,0.0,8.85,8.353,807,14.035,3.725,10.25,2.0,661.0,1349.0,3817.0,5827.0
78,2015,6,25.8,21.86666666666667,17.733333333333334,17.133333333333333,14.3,10.833333333333336,81.0,65.03333333333333,48.4,1017.7,1014.8666666666667,1012.0666666666667,16.0,13.1,8.9,21.1,7.533333333333332,33.8,4.022066666666668,18188.642467629,16521.3018856824,261.512,5.3,12.04,9.69,24.77,72.35,-0.7,9.399,8.451,797,14.03,3.775,10.15,1.0,716.0,1402.0,3899.0,6017.0
79,2015,3,7.258064516129032,3.5161290322580645,-0.6129032258064516,-1.1935483870967742,-6.096774193548387,-11.451612903225806,72.61290322580646,54.0,35.064516129032256,1024.1612903225807,1019.032258064516,1014.3548387096774,15.774193548387096,12.93548387096774,8.580645161290322,25.806451612903228,9.838709677419354,40.903225806451616,3.8671935483870965,17900.9818571996,16329.5237919176,259.647,5.4,11.98,9.85,25.04,69.35,-0.7,10.845,9.518,781,15.496,3.625,10.25,0.0,645.0,1300.0,4294.0,6239.0
80,2015,5,25.677419354838708,20.483870967741932,14.774193548387096,12.774193548387096,9.870967741935484,6.709677419354839,74.35483870967742,56.70967741935484,38.451612903225815,1022.8709677419356,1020.2903225806452,1017.741935483871,15.93548387096774,14.032258064516132,10.64516129032258,21.12903225806452,6.806451612903227,34.225806451612904,1.5239677419354838,18075.2814123361,16434.4823764629,261.066,5.5,12.04,9.69,24.88,72.86,1.62,10.845,9.157,826,15.753,3.625,10.3,2.0,800.0,1363.0,4413.0,6576.0
81,2015,11,15.481481481481481,12.111111111111109,8.481481481481481,7.37037037037037,3.7777777777777777,0.0,74.1111111111111,59.444444444444436,44.03703703703704,1026.111111111111,1021.8148148148148,1017.3703703703703,16.0,14.814814814814815,12.333333333333336,21.555555555555557,7.777777777777778,34.148148148148145,1.8714814814814813,18266.2446050868,16524.1994942689,261.009,5.0,12.22,9.66,25.38,69.22,0.28,8.398,7.995,770,12.83,3.675,9.7,2.0,643.0,1478.0,4401.0,6522.0
82,2015,10,18.580645161290324,14.483870967741936,10.387096774193546,8.709677419354838,5.516129032258066,2.3225806451612905,71.48387096774194,57.032258064516135,42.16129032258065,1022.516129032258,1018.9354838709676,1015.7096774193548,16.0,15.161290322580646,12.67741935483871,21.258064516129032,8.451612903225808,34.25806451612903,3.203870967741936,18278.304270339,16540.8597231567,261.515,5.0,12.1,9.8,25.14,69.03,0.42,8.398,8.012,772,12.887,3.675,9.7,2.0,800.0,1283.0,4372.0,6455.0
83,2015,9,28.13333333333333,23.7,18.966666666666665,16.866666666666667,14.4,11.266666666666667,75.06666666666666,58.63333333333333,41.6,1021.0,1018.3,1015.8,15.766666666666667,14.766666666666667,11.933333333333335,19.433333333333334,7.033333333333332,30.16666666666667,2.7770333333333337,18317.8161199811,16601.4898786932,261.887,5.0,12.1,9.8,25.05,68.74,-4.29,8.398,8.012,777,12.977,3.675,9.7,1.0,690.0,1261.0,3881.0,5832.0
84,2016,4,16.8,11.966666666666667,6.833333333333332,5.2,0.06666666666666668,-5.533333333333332,70.1,49.63333333333333,28.7,1020.9,1016.6666666666665,1012.6,16.0,15.3,12.7,26.63333333333333,10.066666666666666,38.36666666666667,1.3293666666666666,18533.9367486262,16693.6293261495,262.619,5.0,12.31,10.03,25.6,69.28,5.84,8.422,7.903,756,12.44,3.575,9.025,1.0,,,,
85,2016,8,30.222222222222218,26.296296296296298,22.222222222222218,20.925925925925924,18.444444444444443,15.851851851851851,81.81481481481481,65.25925925925925,48.111111111111114,1019.1851851851852,1016.9259259259261,1014.4074074074074,15.925925925925926,14.037037037037035,9.037037037037038,18.48148148148148,6.037037037037037,30.88888888888889,1.8434074074074072,18741.5999467779,16797.2066103145,264.16,4.9,12.51,9.64,25.52,80.26,-0.99,9.824,9.34,787,15.314,3.575,10.95,0.0,,,,
86,2016,12,6.533333333333332,3.633333333333333,0.43333333333333335,-0.7,-3.933333333333333,-8.4,73.4,57.76666666666666,41.7,1024.8666666666666,1019.3666666666667,1014.5333333333333,16.0,14.033333333333333,10.166666666666666,25.16666666666667,10.0,40.0,2.4474,19015.3934081818,16918.0506237,265.421,4.7,12.41,9.45,25.9,79.5,0.73,9.95,9.464,810,15.962,3.275,11.6,4.0,,,,
87,2016,2,7.103448275862068,3.2413793103448274,-0.7241379310344828,-1.0,-5.379310344827586,-10.379310344827584,70.79310344827586,55.06896551724138,38.89655172413793,1021.7241379310344,1015.8620689655173,1010.3793103448276,16.0,13.827586206896553,10.06896551724138,26.96551724137931,11.79310344827586,44.10344827586207,3.8535517241379313,18241.7138123893,16503.5003584226,260.875,4.9,12.31,10.03,25.49,66.57,-3.17,8.422,7.922,758,12.508,3.575,9.05,2.0,,,,
88,2016,1,4.766666666666667,1.4,-2.2666666666666666,-3.966666666666667,-7.7666666666666675,-11.266666666666667,64.93333333333334,52.3,39.23333333333333,1019.8333333333335,1015.2333333333332,1010.6,15.733333333333333,14.633333333333333,11.8,26.86666666666667,11.466666666666667,42.56666666666667,3.7339,18286.6385231248,16546.1531234768,260.342,4.9,12.22,9.66,25.5,68.75,-2.33,8.422,7.922,758,12.508,3.575,9.525,2.0,,,,
89,2016,7,30.12903225806452,26.064516129032263,21.774193548387093,20.483870967741932,18.161290322580644,15.290322580645164,82.48387096774194,64.6774193548387,46.516129032258064,1016.516129032258,1014.258064516129,1011.967741935484,15.548387096774194,12.516129032258064,7.483870967741934,19.387096774193548,6.258064516129032,32.80645161290323,5.752032258064517,18605.4804068396,16684.7431840702,263.722,4.9,12.16,9.65,25.53,81.06,9.39,9.824,9.104,802,15.215,3.575,10.95,1.0,,,,
90,2016,6,27.1,22.43333333333333,17.466666666666665,15.666666666666664,12.633333333333333,8.866666666666667,76.83333333333333,58.83333333333334,40.43333333333333,1016.1666666666665,1013.4666666666667,1010.9,15.766666666666667,13.5,9.4,20.5,6.933333333333334,33.7,2.2014,18582.0590871437,16669.8767806708,263.877,4.9,12.16,9.65,25.42,74.1,5.44,9.347,8.588,792,12.165,3.575,9.95,1.0,,,,
91,2016,3,14.161290322580646,9.483870967741936,4.645161290322581,3.0967741935483866,-1.1935483870967742,-5.774193548387097,71.25806451612904,51.838709677419345,31.967741935483872,1021.0967741935484,1016.7741935483873,1012.3225806451613,16.0,14.129032258064516,10.548387096774192,27.225806451612907,10.612903225806454,43.516129032258064,0.9587741935483872,18447.2086645323,16665.2820179412,261.508,5.0,12.31,10.03,25.49,65.46,-1.67,8.422,7.903,760,12.508,3.575,9.05,1.0,,,,
92,2016,5,22.12,17.88,13.28,11.28,8.76,5.4,78.88,61.24,43.16,1017.48,1014.96,1013.0,15.72,13.12,8.88,20.28,6.96,32.96,3.5560400000000003,18498.1211641705,16627.1836974395,263.312,4.7,12.16,9.65,25.68,70.28,1.44,8.422,7.92,755,12.455,3.575,8.5,2.0,,,,
93,2016,11,13.633333333333333,9.866666666666667,6.0,4.333333333333333,1.6,-1.8333333333333333,73.1,57.73333333333333,41.766666666666666,1020.8333333333335,1017.0,1013.6,15.9,14.366666666666667,11.833333333333336,22.3,8.4,36.8,4.58,18960.4615683065,16910.8963303271,265.203,4.6,12.41,9.45,25.87,78.92,0.51,9.95,9.464,791,15.6,3.475,11.425,3.0,,,,
94,2016,10,18.774193548387093,14.967741935483868,10.967741935483868,11.806451612903226,8.516129032258064,4.935483870967742,84.0,67.25806451612904,49.903225806451616,1023.032258064516,1019.483870967742,1015.8387096774194,15.93548387096774,13.838709677419354,10.0,20.580645161290324,7.419354838709677,34.61290322580645,3.4000645161290324,18740.7800234549,16725.4600983449,264.738,4.8,12.51,9.64,26.04,78.52,0.85,9.95,9.464,785,15.472,3.475,11.425,2.0,,,,
95,2016,9,26.20689655172414,22.24137931034483,18.17241379310345,17.24137931034483,14.586206896551724,11.344827586206893,81.9655172413793,64.86206896551724,47.3448275862069,1021.2068965517243,1018.9655172413792,1016.5172413793103,15.827586206896553,14.0,9.862068965517242,20.689655172413797,7.931034482758621,33.6551724137931,2.4435172413793103,18840.3096464215,16852.5627452526,264.602,4.9,12.51,9.64,25.74,77.86,-2.99,9.95,9.464,790,15.58,3.475,10.95,1.0,,,,
