year,month,temp_high,temp_avg,temp_low,dew_high,dew_avg,dew_low,humidity_high,humidity_avg,humidity_low,pressure_high,pressure_avg,pressure_low,visibility_high,visibility_avg,visibility_low,wind_low,wind_avg,wind_high,precipitation
2009,Apr,17.1,12.733333333333333,7.833333333333333,6.233333333333333,2.533333333333333,-1.2,75.46666666666667,55.7,35.733333333333334,1018.8333333333334,1014.5333333333333,1010.4333333333333,15.9,14.066666666666666,10.866666666666667,27.3,11.366666666666667,39.56666666666667,3.970766666666667
2009,Aug,27.967741935483872,24.387096774193548,20.548387096774192,20.451612903225808,18.483870967741936,16.129032258064516,88.87096774193549,72.48387096774194,55.67741935483871,1018.2258064516129,1015.9677419354839,1013.3870967741935,16.0,14.483870967741936,9.903225806451612,19.29032258064516,6.806451612903226,28.06451612903226,3.465903225806452
2009,Dec,5.451612903225806,2.3548387096774195,-1.032258064516129,-0.9354838709677419,-4.67741935483871,-8.709677419354838,77.61290322580645,61.74193548387097,45.25806451612903,1022.483870967742,1017.2258064516129,1012.1935483870968,16.0,13.774193548387096,10.67741935483871,28.580645161290324,13.451612903225806,42.83870967741935,5.9565161290322575
2009,Feb,6.964285714285714,2.7857142857142856,-1.6428571428571428,-2.4642857142857144,-6.392857142857143,-10.571428571428571,69.53571428571429,54.0,38.107142857142854,1021.7142857142857,1017.0714285714286,1012.4642857142857,16.0,15.178571428571429,13.285714285714286,27.928571428571427,12.214285714285714,41.642857142857146,0.7804285714285715
2009,Jan,0.7419354838709677,-2.096774193548387,-5.32258064516129,-6.096774193548387,-9.903225806451612,-14.0,71.7741935483871,57.354838709677416,42.32258064516129,1021.2903225806451,1015.9677419354839,1010.516129032258,16.0,14.0,11.451612903225806,27.0,12.0,39.32258064516129,2.4420645161290326
2009,Jul,26.838709677419356,22.741935483870968,18.225806451612904,18.838709677419356,16.451612903225808,13.612903225806452,88.61290322580645,70.80645161290323,52.483870967741936,1015.9032258064516,1013.5806451612904,1011.1935483870968,16.0,12.935483870967742,8.451612903225806,21.612903225806452,7.903225806451613,31.93548387096774,5.825806451612903
2009,Jun,23.392857142857142,19.678571428571427,15.678571428571429,17.035714285714285,15.25,12.964285714285714,95.42857142857143,79.17857142857143,62.42857142857143,1013.75,1011.6071428571429,1009.1785714285714,15.892857142857142,11.571428571428571,5.5,21.642857142857142,7.357142857142857,30.535714285714285,9.107285714285714
2009,Mar,9.838709677419354,5.967741935483871,1.7741935483870968,0.25806451612903225,-2.903225806451613,-6.741935483870968,74.09677419354838,57.064516129032256,39.54838709677419,1025.0967741935483,1021.0645161290323,1017.0322580645161,16.0,14.258064516129032,10.67741935483871,27.0,11.387096774193548,38.61290322580645,1.4339032258064517
2009,May,20.93103448275862,16.655172413793103,12.206896551724139,12.689655172413794,9.827586206896552,6.206896551724138,85.82758620689656,68.82758620689656,51.41379310344828,1020.448275862069,1017.2413793103449,1014.1724137931035,15.89655172413793,12.275862068965518,8.96551724137931,22.379310344827587,8.0,32.62068965517241,4.527655172413793
2009,Nov,13.733333333333333,10.8,7.566666666666666,7.0,4.166666666666667,1.4333333333333333,80.46666666666667,66.6,52.233333333333334,1022.2666666666667,1019.0333333333333,1015.6333333333333,16.0,14.666666666666666,11.833333333333334,25.866666666666667,11.133333333333333,36.733333333333334,1.363433333333333
2009,Oct,16.258064516129032,12.870967741935484,9.35483870967742,9.838709677419354,7.032258064516129,3.903225806451613,85.90322580645162,69.35483870967742,52.41935483870968,1020.3548387096774,1016.7741935483871,1013.0645161290323,16.0,14.064516129032258,11.129032258064516,23.516129032258064,9.67741935483871,34.41935483870968,4.572290322580645
2009,Sep,22.766666666666666,19.233333333333334,15.333333333333334,15.066666666666666,12.766666666666667,10.133333333333333,86.4,69.7,52.36666666666667,1021.7333333333333,1018.7,1015.1,16.0,15.033333333333333,13.433333333333334,23.0,9.266666666666667,32.4,1.9133666666666669
2010,Apr,19.566666666666666,14.466666666666667,9.133333333333333,6.266666666666667,3.1333333333333333,-1.3333333333333333,73.53333333333333,52.8,31.566666666666666,1016.6,1013.1666666666666,1010.1,16.0,14.466666666666667,11.633333333333333,23.766666666666666,10.2,35.56666666666667,2.5313999999999997
2010,Aug,29.7,25.433333333333334,21.0,19.4,16.733333333333334,13.566666666666666,80.66666666666667,63.233333333333334,45.43333333333333,1017.3333333333334,1014.9666666666667,1013.0333333333333,16.0,14.966666666666667,12.3,20.833333333333332,8.133333333333333,30.133333333333333,3.5053666666666667
2010,Dec,3.096774193548387,0.6129032258064516,-2.3225806451612905,-4.645161290322581,-6.935483870967742,-9.806451612903226,70.09677419354838,58.32258064516129,46.12903225806452,1015.0322580645161,1010.9032258064516,1006.9354838709677,15.741935483870968,14.193548387096774,11.935483870967742,28.193548387096776,13.290322580645162,41.74193548387097,3.474290322580645
2010,Feb,3.3214285714285716,0.8214285714285714,-1.9642857142857142,-3.5714285714285716,-6.071428571428571,-8.321428571428571,75.07142857142857,63.535714285714285,51.392857142857146,1011.7857142857143,1007.9642857142857,1003.7857142857143,15.928571428571429,13.0,9.785714285714286,27.464285714285715,12.928571428571429,39.92857142857143,6.068321428571429
2010,Jan,3.1666666666666665,0.23333333333333334,-2.966666666666667,-5.2,-7.566666666666666,-10.7,70.6,57.6,44.1,1018.1,1014.5333333333333,1010.7,16.0,14.766666666666667,12.133333333333333,26.566666666666666,11.633333333333333,37.8,1.7191666666666667
2010,Jul,32.2,27.533333333333335,22.533333333333335,19.433333333333334,17.333333333333332,14.166666666666666,75.63333333333334,57.766666666666666,39.56666666666667,1015.9,1014.1,1012.2,16.0,14.966666666666667,11.433333333333334,21.6,7.6,32.333333333333336,2.2017333333333338
2010,Jun,28.5,23.8,19.033333333333335,18.166666666666668,15.533333333333333,12.166666666666666,82.76666666666667,64.06666666666666,44.9,1015.1,1012.0333333333333,1009.0666666666667,16.0,14.233333333333333,10.333333333333334,21.7,8.0,32.03333333333333,1.8627333333333331
2010,Mar,12.806451612903226,9.258064516129032,5.193548387096774,2.967741935483871,-0.2903225806451613,-3.5161290322580645,72.35483870967742,58.29032258064516,43.774193548387096,1015.6129032258065,1011.258064516129,1007.3548387096774,15.838709677419354,13.838709677419354,11.0,29.032258064516128,12.806451612903226,41.70967741935484,8.758774193548387
2010,May,23.516129032258064,18.612903225806452,13.419354838709678,13.258064516129032,10.096774193548388,6.387096774193548,83.0,62.74193548387097,42.16129032258065,1018.6129032258065,1015.7741935483871,1012.8709677419355,16.0,14.935483870967742,11.935483870967742,23.93548387096774,8.96774193548387,35.774193548387096,2.466612903225807
2010,Nov,12.033333333333333,9.0,5.633333333333334,3.966666666666667,0.7666666666666667,-2.9,74.8,59.53333333333333,43.766666666666666,1023.3333333333334,1018.7,1014.0,16.0,14.833333333333334,12.6,24.1,10.1,36.1,1.8203666666666665
2010,Oct,18.366666666666667,14.566666666666666,10.6,10.066666666666666,7.033333333333333,3.066666666666667,80.66666666666667,63.53333333333333,45.7,1015.2,1011.7666666666667,1008.4333333333333,16.0,14.166666666666666,10.566666666666666,24.4,10.2,36.6,4.157100000000001
2010,Sep,25.93103448275862,21.862068965517242,17.517241379310345,16.896551724137932,13.655172413793103,10.344827586206897,80.6896551724138,63.275862068965516,45.310344827586206,1018.1724137931035,1014.551724137931,1011.3793103448276,15.862068965517242,13.862068965517242,10.413793103448276,22.03448275862069,8.862068965517242,34.37931034482759,3.1004137931034483
2011,Apr,16.933333333333334,12.5,7.7,8.633333333333333,4.966666666666667,0.8666666666666667,83.66666666666667,64.46666666666667,44.7,1018.7333333333333,1013.5666666666667,1008.7666666666667,15.933333333333334,13.066666666666666,8.533333333333333,27.6,11.766666666666667,39.766666666666666,4.5294333333333325
2011,Aug,28.258064516129032,24.129032258064516,19.741935483870968,19.967741935483872,17.903225806451612,15.225806451612904,90.09677419354838,71.83870967741936,53.12903225806452,1014.7096774193549,1011.3548387096774,1007.7741935483871,15.870967741935484,12.774193548387096,7.612903225806452,21.838709677419356,7.354838709677419,33.29032258064516,15.527129032258065
2011,Dec,9.833333333333334,6.5,2.7,3.966666666666667,-0.5666666666666667,-4.633333333333334,76.6,62.5,47.86666666666667,1025.6666666666667,1020.6333333333333,1014.9666666666667,16.0,14.666666666666666,12.266666666666667,25.2,9.533333333333333,37.53333333333333,3.3860333333333332
2011,Feb,6.428571428571429,2.4285714285714284,-2.0357142857142856,-2.5357142857142856,-6.857142857142857,-12.392857142857142,69.25,52.607142857142854,35.392857142857146,1021.7142857142857,1015.3928571428571,1009.3928571428571,15.892857142857142,13.642857142857142,11.285714285714286,30.321428571428573,12.25,44.607142857142854,3.1478928571428577
2011,Jan,1.5483870967741935,-1.096774193548387,-4.032258064516129,-5.225806451612903,-7.806451612903226,-11.612903225806452,75.48387096774194,61.516129032258064,47.064516129032256,1019.3225806451613,1014.6129032258065,1010.0,15.548387096774194,12.387096774193548,8.709677419354838,24.806451612903224,10.387096774193548,35.096774193548384,4.113032258064517
2011,Jul,31.64516129032258,26.870967741935484,22.06451612903226,20.741935483870968,18.322580645161292,15.35483870967742,84.64516129032258,63.83870967741935,42.58064516129032,1014.7741935483871,1012.8064516129032,1010.5806451612904,15.774193548387096,13.03225806451613,8.870967741935484,20.0,6.870967741935484,29.387096774193548,2.482645161290323
2011,Jun,26.56,22.24,17.92,17.28,15.2,12.32,86.52,68.32,49.6,1015.08,1013.04,1011.04,15.88,12.56,8.96,20.28,7.68,30.4,3.2716399999999997
2011,Mar,9.96774193548387,5.838709677419355,1.4516129032258065,0.1935483870967742,-3.3870967741935485,-7.580645161290323,73.2258064516129,56.096774193548384,38.483870967741936,1024.6451612903227,1019.6129032258065,1014.483870967742,16.0,14.0,11.193548387096774,27.258064516129032,12.290322580645162,41.774193548387096,5.071677419354839
2011,May,21.692307692307693,17.384615384615383,12.846153846153847,13.307692307692308,10.576923076923077,8.038461538461538,86.38461538461539,71.0,55.11538461538461,1016.6923076923077,1014.3076923076923,1011.8846153846154,15.76923076923077,12.576923076923077,9.807692307692308,21.576923076923077,9.307692307692308,32.23076923076923,4.474615384615385
2011,Nov,14.733333333333333,11.166666666666666,7.3,7.433333333333334,4.366666666666666,1.1333333333333333,79.73333333333333,64.16666666666667,47.96666666666667,1022.7666666666667,1019.1333333333333,1015.2666666666667,16.0,14.566666666666666,11.566666666666666,22.866666666666667,9.1,33.766666666666666,2.5823666666666667
2011,Oct,17.75862068965517,14.206896551724139,10.310344827586206,10.655172413793103,7.793103448275862,4.241379310344827,85.24137931034483,68.13793103448276,50.41379310344828,1018.8620689655172,1015.0344827586207,1011.6206896551724,16.0,13.89655172413793,10.517241379310345,21.310344827586206,8.862068965517242,33.03448275862069,5.333827586206896
2011,Sep,24.566666666666666,21.2,17.7,18.766666666666666,16.8,14.533333333333333,91.16666666666667,78.1,64.53333333333333,1019.1333333333333,1016.7666666666667,1014.5,15.6,12.733333333333333,8.133333333333333,19.466666666666665,7.133333333333334,29.2,7.949733333333335
2012,Apr,17.448275862068964,12.620689655172415,7.517241379310345,5.0,0.8620689655172413,-2.5172413793103448,70.37931034482759,51.758620689655174,32.58620689655172,1015.3448275862069,1011.6551724137931,1008.0689655172414,16.0,14.724137931034482,11.96551724137931,24.586206896551722,9.10344827586207,40.58620689655172,3.118413793103448
2012,Aug,29.06451612903226,24.93548387096774,20.70967741935484,19.903225806451612,17.677419354838708,14.548387096774194,87.38709677419355,67.41935483870968,46.87096774193548,1017.3225806451613,1015.4193548387096,1013.6451612903226,16.0,14.387096774193548,9.451612903225806,17.64516129032258,5.419354838709677,28.93548387096774,2.3845483870967743
2012,Dec,7.870967741935484,5.451612903225806,2.6129032258064515,3.2903225806451615,0.0967741935483871,-3.6129032258064515,86.19354838709677,71.16129032258064,55.58064516129032,1021.2258064516129,1015.5806451612904,1010.258064516129,15.580645161290322,12.32258064516129,7.580645161290323,26.193548387096776,10.483870967741936,41.354838709677416,3.932967741935484
2012,Feb,8.285714285714286,5.142857142857143,1.6785714285714286,-0.14285714285714285,-3.6785714285714284,-7.821428571428571,73.07142857142857,55.82142857142857,38.107142857142854,1021.0714285714286,1016.7142857142857,1012.3928571428571,16.0,14.321428571428571,11.071428571428571,27.285714285714285,10.714285714285714,39.92857142857143,1.2336785714285714
2012,Jan,6.607142857142857,2.9642857142857144,-0.75,0.14285714285714285,-4.714285714285714,-8.571428571428571,72.92857142857143,59.75,46.214285714285715,1021.2857142857143,1016.3571428571429,1011.3214285714286,16.0,14.071428571428571,11.428571428571429,28.107142857142858,12.607142857142858,40.607142857142854,2.75825
2012,Jul,30.7,26.066666666666666,21.2,20.0,17.6,14.466666666666667,83.0,63.8,44.03333333333333,1015.9,1013.7666666666667,1011.4333333333333,16.0,14.366666666666667,10.4,19.633333333333333,6.566666666666666,31.6,3.564033333333334
2012,Jun,26.066666666666666,21.866666666666667,17.433333333333334,16.633333333333333,14.2,11.0,84.26666666666667,65.7,46.56666666666667,1016.0666666666667,1013.5666666666667,1011.2666666666667,15.833333333333334,14.266666666666667,9.866666666666667,19.5,7.166666666666667,32.63333333333333,2.5311000000000003
2012,Mar,15.129032258064516,10.67741935483871,6.096774193548387,5.774193548387097,1.2258064516129032,-2.6774193548387095,75.61290322580645,59.25806451612903,42.483870967741936,1023.6451612903226,1019.2903225806451,1015.1612903225806,15.806451612903226,14.096774193548388,10.0,24.032258064516128,9.193548387096774,37.54838709677419,0.7780645161290322
2012,May,22.20689655172414,18.379310344827587,14.413793103448276,14.862068965517242,12.206896551724139,9.275862068965518,87.79310344827586,72.06896551724138,55.86206896551724,1019.1034482758621,1016.1379310344828,1012.9310344827586,15.655172413793103,12.172413793103448,7.896551724137931,18.82758620689655,6.379310344827586,31.724137931034484,3.827655172413794
2012,Nov,9.933333333333334,6.733333333333333,3.3,1.6,-1.0666666666666667,-3.6333333333333333,74.9,60.7,46.03333333333333,1024.1,1021.0333333333333,1018.2,16.0,14.7,12.6,22.366666666666667,9.3,34.666666666666664,1.5323333333333333
2012,Oct,17.612903225806452,14.64516129032258,11.32258064516129,11.935483870967742,9.129032258064516,6.032258064516129,86.2258064516129,71.38709677419355,56.096774193548384,1018.0322580645161,1014.1935483870968,1010.6451612903226,15.64516129032258,13.451612903225806,9.96774193548387,21.580645161290324,7.903225806451613,34.67741935483871,2.3926774193548384
2012,Sep,24.413793103448278,20.620689655172413,16.655172413793103,16.551724137931036,13.620689655172415,10.827586206896552,86.37931034482759,68.44827586206897,50.06896551724138,1019.3103448275862,1016.6206896551724,1014.0,16.0,14.89655172413793,11.689655172413794,18.551724137931036,6.448275862068965,30.93103448275862,3.844965517241379
2013,Apr,16.275862068965516,11.689655172413794,7.068965517241379,5.137931034482759,0.9310344827586207,-3.310344827586207,72.41379310344827,53.89655172413793,34.827586206896555,1023.9310344827586,1019.8620689655172,1015.6551724137931,16.0,15.10344827586207,11.931034482758621,25.724137931034484,10.03448275862069,41.758620689655174,1.147344827586207
2013,Aug,27.548387096774192,23.838709677419356,19.838709677419356,18.387096774193548,15.548387096774194,12.870967741935484,82.61290322580645,64.51612903225806,45.83870967741935,1018.8387096774194,1016.483870967742,1014.1935483870968,16.0,13.935483870967742,10.419354838709678,17.967741935483872,6.096774193548387,29.032258064516128,2.3349677419354844
2013,Dec,6.967741935483871,3.7096774193548385,0.3548387096774194,0.4838709677419355,-3.0,-6.806451612903226,75.12903225806451,61.903225806451616,48.03225806451613,1023.7096774193549,1019.2258064516129,1014.9032258064516,15.774193548387096,12.935483870967742,9.870967741935484,24.06451612903226,9.419354838709678,37.87096774193548,3.9736774193548396
2013,Feb,4.071428571428571,1.1071428571428572,-1.8928571428571428,-2.3214285714285716,-5.892857142857143,-10.071428571428571,78.03571428571429,60.892857142857146,43.285714285714285,1020.75,1015.0,1010.4642857142857,16.0,13.107142857142858,8.678571428571429,26.357142857142858,11.392857142857142,42.142857142857146,3.8554285714285714
2013,Jan,4.870967741935484,1.935483870967742,-1.4516129032258065,-2.096774193548387,-5.419354838709677,-9.193548387096774,76.38709677419355,61.03225806451613,45.354838709677416,1024.7096774193549,1019.8064516129032,1014.8387096774194,15.741935483870968,13.258064516129032,10.161290322580646,24.903225806451612,10.32258064516129,39.193548387096776,2.262
2013,Jul,30.129032258064516,26.580645161290324,22.903225806451612,21.35483870967742,19.419354838709676,16.774193548387096,83.70967741935483,67.6774193548387,51.0,1019.0,1016.7741935483871,1014.4193548387096,15.64516129032258,13.129032258064516,9.03225806451613,20.387096774193548,7.0,32.935483870967744,2.326516129032258
2013,Jun,26.833333333333332,22.733333333333334,18.4,17.966666666666665,15.366666666666667,12.333333333333334,84.4,66.93333333333334,49.166666666666664,1015.8666666666667,1012.9666666666667,1009.7333333333333,15.766666666666667,13.0,7.966666666666667,21.3,7.2,36.666666666666664,8.551099999999998
2013,Mar,7.903225806451613,4.612903225806452,1.032258064516129,-0.9354838709677419,-4.096774193548387,-7.483870967741935,75.58064516129032,57.935483870967744,39.774193548387096,1016.483870967742,1013.1612903225806,1010.1290322580645,16.0,14.419354838709678,11.387096774193548,27.387096774193548,11.870967741935484,42.193548387096776,2.3517741935483873
2013,May,21.774193548387096,17.258064516129032,12.419354838709678,12.064516129032258,9.225806451612904,5.774193548387097,82.6774193548387,64.58064516129032,46.0,1020.8709677419355,1018.1290322580645,1015.6774193548387,15.935483870967742,12.870967741935484,9.193548387096774,20.838709677419356,7.870967741935484,33.83870967741935,6.554870967741937
2013,Nov,11.266666666666667,7.5,3.6,2.2,-1.9666666666666666,-6.733333333333333,68.0,53.06666666666667,37.63333333333333,1026.0333333333333,1021.4,1016.0333333333333,15.9,14.766666666666667,11.7,24.533333333333335,10.033333333333333,40.9,2.666733333333333
2013,Oct,19.322580645161292,15.774193548387096,11.96774193548387,10.387096774193548,7.741935483870968,4.870967741935484,75.90322580645162,60.774193548387096,45.064516129032256,1021.258064516129,1018.1935483870968,1014.8064516129032,15.709677419354838,14.774193548387096,12.548387096774194,20.032258064516128,8.096774193548388,32.29032258064516,0.2949354838709677
2013,Sep,24.766666666666666,20.066666666666666,15.2,14.233333333333333,11.5,8.5,78.03333333333333,60.3,42.2,1019.6666666666666,1016.5666666666667,1013.9666666666667,15.866666666666667,14.666666666666666,12.133333333333333,18.766666666666666,6.366666666666666,29.8,2.4973666666666663
2014,Apr,16.166666666666668,11.466666666666667,6.366666666666666,5.066666666666666,0.8,-3.7666666666666666,73.1,54.2,34.833333333333336,1021.7666666666667,1017.2,1012.7666666666667,16.0,14.333333333333334,11.666666666666666,24.933333333333334,10.133333333333333,39.166666666666664,6.646333333333333
2014,Aug,28.032258064516128,23.741935483870968,19.161290322580644,16.967741935483872,14.67741935483871,11.870967741935484,78.35483870967742,60.806451612903224,42.67741935483871,1018.6774193548387,1016.7096774193549,1014.741935483871,16.0,14.935483870967742,11.709677419354838,17.93548387096774,6.0,30.06451612903226,1.8432258064516132
2014,Dec,7.32258064516129,4.870967741935484,2.193548387096774,1.3870967741935485,-1.6774193548387097,-5.225806451612903,77.2258064516129,64.38709677419355,51.096774193548384,1023.7096774193549,1019.5806451612904,1015.6129032258065,15.67741935483871,13.193548387096774,9.612903225806452,24.193548387096776,10.903225806451612,37.354838709677416,4.949064516129031
2014,Feb,3.037037037037037,0.07407407407407407,-3.3333333333333335,-4.481481481481482,-8.25925925925926,-12.222222222222221,74.18518518518519,57.925925925925924,41.18518518518518,1022.1851851851852,1016.7407407407408,1011.5555555555555,15.814814814814815,12.518518518518519,8.74074074074074,25.74074074074074,10.481481481481481,41.7037037037037,5.1548888888888875
2014,Jan,2.142857142857143,-1.5714285714285714,-5.857142857142857,-5.0,-9.714285714285714,-14.666666666666666,72.42857142857143,57.523809523809526,42.23809523809524,1024.6190476190477,1018.3333333333334,1011.4285714285714,16.0,13.095238095238095,8.476190476190476,24.095238095238095,10.904761904761905,39.04761904761905,2.7095714285714285
2014,Jul,28.724137931034484,24.79310344827586,20.551724137931036,19.03448275862069,16.620689655172413,13.758620689655173,80.79310344827586,64.06896551724138,46.86206896551724,1016.8275862068965,1014.1724137931035,1011.6206896551724,15.620689655172415,13.793103448275861,10.03448275862069,24.517241379310345,12.03448275862069,37.241379310344826,4.896620689655173
2014,Jun,26.9,22.633333333333333,18.033333333333335,16.666666666666668,14.133333333333333,11.0,80.23333333333333,62.96666666666667,45.166666666666664,1018.2,1015.7,1013.2666666666667,15.933333333333334,13.666666666666666,10.5,18.166666666666668,6.466666666666667,29.9,3.607
2014,Mar,7.548387096774194,3.3225806451612905,-1.1935483870967742,-3.161290322580645,-7.580645161290323,-11.935483870967742,63.03225806451613,48.32258064516129,33.32258064516129,1020.9354838709677,1015.9677419354839,1011.3870967741935,16.0,14.741935483870968,11.774193548387096,26.580645161290324,11.580645161290322,41.806451612903224,3.0071935483870966
2014,May,22.8,18.1,13.133333333333333,11.766666666666667,8.1,4.7,75.8,58.56666666666667,40.833333333333336,1019.0,1016.0,1013.1666666666666,15.733333333333333,13.3,9.4,22.466666666666665,7.166666666666667,35.43333333333333,3.3530999999999995
2014,Nov,10.966666666666667,7.533333333333333,3.8666666666666667,2.5,-1.8333333333333333,-5.6,70.13333333333334,54.46666666666667,38.5,1021.4,1017.0,1012.5,16.0,14.266666666666667,11.266666666666667,23.1,8.7,38.233333333333334,3.8186666666666667
2014,Oct,18.806451612903224,15.451612903225806,11.935483870967742,11.129032258064516,8.225806451612904,4.645161290322581,78.29032258064517,63.03225806451613,47.29032258064516,1016.516129032258,1013.516129032258,1010.6129032258065,16.0,14.451612903225806,9.96774193548387,21.322580645161292,8.193548387096774,36.903225806451616,4.727193548387098
2014,Sep,25.266666666666666,21.066666666666666,16.733333333333334,15.766666666666667,13.033333333333333,10.066666666666666,78.66666666666667,62.3,45.46666666666667,1022.3666666666667,1019.2666666666667,1016.1333333333333,16.0,14.966666666666667,12.6,18.933333333333334,6.733333333333333,30.333333333333332,1.0244000000000002
2015,Apr,17.066666666666666,12.533333333333333,7.833333333333333,5.166666666666667,0.8,-3.566666666666667,69.03333333333333,50.86666666666667,32.233333333333334,1019.4333333333333,1015.1333333333333,1011.4666666666667,16.0,14.7,12.333333333333334,26.7,10.433333333333334,42.1,1.761
2015,Aug,30.516129032258064,26.322580645161292,21.677419354838708,17.580645161290324,15.290322580645162,12.709677419354838,70.80645161290323,54.87096774193548,38.32258064516129,1017.0,1015.2258064516129,1013.516129032258,16.0,15.35483870967742,13.096774193548388,18.548387096774192,5.903225806451613,30.451612903225808,1.9254838709677418
2015,Dec,14.19047619047619,11.19047619047619,8.047619047619047,8.857142857142858,5.095238095238095,1.0476190476190477,79.61904761904762,66.80952380952381,53.523809523809526,1023.0,1018.1428571428571,1012.6666666666666,15.523809523809524,12.333333333333334,6.666666666666667,23.0,9.0,35.76190476190476,5.140619047619047
2015,Feb,0.0,-4.25,-9.071428571428571,-8.285714285714286,-12.428571428571429,-17.535714285714285,68.35714285714286,53.892857142857146,39.107142857142854,1022.75,1017.6071428571429,1012.8571428571429,15.857142857142858,13.428571428571429,8.892857142857142,26.892857142857142,11.75,42.142857142857146,1.8508214285714288
2015,Jan,2.2903225806451615,-1.032258064516129,-4.67741935483871,-5.548387096774194,-9.612903225806452,-14.741935483870968,68.96774193548387,53.645161290322584,37.83870967741935,1025.032258064516,1019.3870967741935,1013.7741935483871,16.0,13.03225806451613,9.35483870967742,27.193548387096776,11.67741935483871,43.516129032258064,4.28483870967742
2015,Jul,29.967741935483872,26.129032258064516,22.129032258064516,19.096774193548388,16.548387096774192,13.612903225806452,74.35483870967742,59.096774193548384,43.25806451612903,1014.9032258064516,1012.741935483871,1010.7741935483871,16.0,14.161290322580646,9.451612903225806,18.0,5.483870967741935,30.032258064516128,3.261419354838709
2015,Jun,25.8,21.866666666666667,17.733333333333334,17.133333333333333,14.3,10.833333333333334,81.0,65.03333333333333,48.4,1017.7,1014.8666666666667,1012.0666666666667,16.0,13.1,8.9,21.1,7.533333333333333,33.8,4.022066666666668
2015,Mar,7.258064516129032,3.5161290322580645,-0.6129032258064516,-1.1935483870967742,-6.096774193548387,-11.451612903225806,72.61290322580645,54.0,35.064516129032256,1024.1612903225807,1019.0322580645161,1014.3548387096774,15.774193548387096,12.935483870967742,8.580645161290322,25.806451612903224,9.838709677419354,40.903225806451616,3.867193548387097
2015,May,25.677419354838708,20.483870967741936,14.774193548387096,12.774193548387096,9.870967741935484,6.709677419354839,74.35483870967742,56.70967741935484,38.45161290322581,1022.8709677419355,1020.2903225806451,1017.741935483871,15.935483870967742,14.03225806451613,10.64516129032258,21.129032258064516,6.806451612903226,34.225806451612904,1.5239677419354838
2015,Nov,15.481481481481481,12.11111111111111,8.481481481481481,7.37037037037037,3.7777777777777777,0.0,74.11111111111111,59.44444444444444,44.03703703703704,1026.111111111111,1021.8148148148148,1017.3703703703703,16.0,14.814814814814815,12.333333333333334,21.555555555555557,7.777777777777778,34.148148148148145,1.8714814814814813
2015,Oct,18.580645161290324,14.483870967741936,10.387096774193548,8.709677419354838,5.516129032258065,2.3225806451612905,71.48387096774194,57.03225806451613,42.16129032258065,1022.516129032258,1018.9354838709677,1015.7096774193549,16.0,15.161290322580646,12.67741935483871,21.258064516129032,8.451612903225806,34.25806451612903,3.2038709677419357
2015,Sep,28.133333333333333,23.7,18.966666666666665,16.866666666666667,14.4,11.266666666666667,75.06666666666666,58.63333333333333,41.6,1021.0,1018.3,1015.8,15.766666666666667,14.766666666666667,11.933333333333334,19.433333333333334,7.033333333333333,30.166666666666668,2.7770333333333337
2016,Apr,16.8,11.966666666666667,6.833333333333333,5.2,0.06666666666666667,-5.533333333333333,70.1,49.63333333333333,28.7,1020.9,1016.6666666666666,1012.6,16.0,15.3,12.7,26.633333333333333,10.066666666666666,38.36666666666667,1.3293666666666666
2016,Aug,30.22222222222222,26.296296296296298,22.22222222222222,20.925925925925927,18.444444444444443,15.851851851851851,81.81481481481481,65.25925925925925,48.111111111111114,1019.1851851851852,1016.925925925926,1014.4074074074074,15.925925925925926,14.037037037037036,9.037037037037036,18.48148148148148,6.037037037037037,30.88888888888889,1.8434074074074072
2016,Dec,6.533333333333333,3.6333333333333333,0.43333333333333335,-0.7,-3.933333333333333,-8.4,73.4,57.766666666666666,41.7,1024.8666666666666,1019.3666666666667,1014.5333333333333,16.0,14.033333333333333,10.166666666666666,25.166666666666668,10.0,40.0,2.4474
2016,Feb,7.103448275862069,3.2413793103448274,-0.7241379310344828,-1.0,-5.379310344827586,-10.379310344827585,70.79310344827586,55.06896551724138,38.89655172413793,1021.7241379310345,1015.8620689655172,1010.3793103448276,16.0,13.827586206896552,10.068965517241379,26.96551724137931,11.793103448275861,44.10344827586207,3.8535517241379313
2016,Jan,4.766666666666667,1.4,-2.2666666666666666,-3.966666666666667,-7.766666666666667,-11.266666666666667,64.93333333333334,52.3,39.233333333333334,1019.8333333333334,1015.2333333333333,1010.6,15.733333333333333,14.633333333333333,11.8,26.866666666666667,11.466666666666667,42.56666666666667,3.7338999999999998
2016,Jul,30.129032258064516,26.06451612903226,21.774193548387096,20.483870967741936,18.161290322580644,15.290322580645162,82.48387096774194,64.6774193548387,46.516129032258064,1016.516129032258,1014.258064516129,1011.9677419354839,15.548387096774194,12.516129032258064,7.483870967741935,19.387096774193548,6.258064516129032,32.806451612903224,5.752032258064516
2016,Jun,27.1,22.433333333333334,17.466666666666665,15.666666666666666,12.633333333333333,8.866666666666667,76.83333333333333,58.833333333333336,40.43333333333333,1016.1666666666666,1013.4666666666667,1010.9,15.766666666666667,13.5,9.4,20.5,6.933333333333334,33.7,2.2013999999999996
2016,Mar,14.161290322580646,9.483870967741936,4.645161290322581,3.096774193548387,-1.1935483870967742,-5.774193548387097,71.25806451612904,51.83870967741935,31.967741935483872,1021.0967741935484,1016.7741935483871,1012.3225806451613,16.0,14.129032258064516,10.548387096774194,27.225806451612904,10.612903225806452,43.516129032258064,0.9587741935483871
2016,May,22.12,17.88,13.28,11.28,8.76,5.4,78.88,61.24,43.16,1017.48,1014.96,1013.0,15.72,13.12,8.88,20.28,6.96,32.96,3.55604
2016,Nov,13.633333333333333,9.866666666666667,6.0,4.333333333333333,1.6,-1.8333333333333333,73.1,57.733333333333334,41.766666666666666,1020.8333333333334,1017.0,1013.6,15.9,14.366666666666667,11.833333333333334,22.3,8.4,36.8,4.58
2016,Oct,18.774193548387096,14.96774193548387,10.96774193548387,11.806451612903226,8.516129032258064,4.935483870967742,84.0,67.25806451612904,49.903225806451616,1023.0322580645161,1019.483870967742,1015.8387096774194,15.935483870967742,13.838709677419354,10.0,20.580645161290324,7.419354838709677,34.61290322580645,3.4000645161290324
2016,Sep,26.20689655172414,22.24137931034483,18.17241379310345,17.24137931034483,14.586206896551724,11.344827586206897,81.96551724137932,64.86206896551724,47.3448275862069,1021.2068965517242,1018.9655172413793,1016.5172413793103,15.827586206896552,14.0,9.862068965517242,20.689655172413794,7.931034482758621,33.6551724137931,2.4435172413793103
